	0	2		0	2	z	0	10
	3	2	t	3	1	z	0	6
c	5	1		4	1	z	0	9
	6	2		5	1	z	0	6
	8	1	₽	7	3	z	0	3
	10	1		10	1	z	0	6
	13	1		12	3	z	0	2
řc	17	3		21	3	z	0	7
	20	1		24	2	z	0	6
	21	1	y	30	3	z	0	2
l	22	2	v	27	2	z	0	6
w	25	2	Kv	33	2	z	0	6
bɏ	28	6	Ȃ낤	36	5	z	0	2
\	38	2	ޏ	43	2	z	0	15
	9
	35	1		51	2	z	0	2
ŋ	36	2	̕	47	3	z	0	6
z	0	3
	40	1		42	2	z	0	6
Zo	42	2	Ȃ	44	2	z	0	3
0	6
	2		68	2	z	0	7
S	56	2		70	2	z	0	6
	61	2		73	3	z	0	8
h	63	2	Ȃ	76	4	z	8	2
	65	2	I	80	3	z	0	2
	61	2		76	2	z	0	6
_	63	2	~߂	79	3	z	8	2
F	65	2	KX	69	3	z	0	6
c	67	1		72	1	z	0	9
ē	68	2	j	73	2	z	0	6
̎h	71	4		83	4	z	0	3
䎡	76	2		87	2	z	0	6
Q	79	2	u	90	2	z	0	6
	81	1		92	1	z	0	9
	82	1		93	1	z	0	6
	84	2		95	2	z	0	7
	87	1		99	2	z	0	2
SE	91	2	ANV	110	6	z	0	6
	94	2		117	2	z	0	2
N	96	1		119	1	z	0	2
e	97	1		120	1	z	0	15
4	100	5	gS	123	5	z	0	6
5	105	5	gT	128	5	z	0	6
