qt	0	2		0	2	z	0	15
 	2	1	@	2	1	z	0	1
textedit	3	8		3	8	z	0	15
 	11	1	@	11	1	z	0	1
	12	2	֎~	12	2	z	0	6
html	14	4		14	4	z	0	15
	17	1	z	0	1
-	18	1	|	18	1	z	0	1
color	19	5		19	5	z	0	15
-	24	1	|	24	1	z	0	1
text	25	4		25	4	z	0	15
	31	1		31	1	z	0	6
	32	2	͎	32	2	z	0	6
/	35	1	^	35	1	z	0	1
div	36	3		36	3	z	0	15
>	39	1		39	1	z	0	1
	1	f	46	1	z	0	1
)	47	1	j	47	1	z	0	1
Q	49	1	z	0	1
blank	50	5		50	5	z	0	15
y	57	1		57	1	z	0	6
	58	2	S	58	1	z	0	6
	60	1	x	59	1	z	0	14
/	62	1	^	61	1	z	0	1
a	63	1		62	1	z	0	1
>	64	1		63	1	z	0	1
	68	3	ЂƂ	65	3	z	0	6
	72	1		69	1	z	0	6
c╽	73	5	Rm	70	2	z	0	6
r	78	2	z[N	72	3	z	0	6
c	80	1		75	1	z	0	9
	81	1		76	1	z	0	15
I	82	2	]	77	2	z	0	6
	84	1		79	1	z	0	15
	85	1		80	2	z	8	2
j	87	2	p	82	1	z	0	6
1	@	95	1	z	0	1
line	114	4		96	4	z	0	15
 	118	1	@	100	1	z	0	1
333	119	3	RRR	101	3	z	0	6
 	123	1	@	105	1	z	0	1
in	124	2		106	2	z	0	15
 	126	1	@	108	1	z	0	1
moveresizegamnatTran	127	20	s	109	20	z	0	15
slator	147	6		129	6	z	0	15
(	153	1	i	135	1	z	0	1
LunatTranslator	154	15	ks	136	15	z	0	15
 	169	1	@	151	1	z	0	1
Iguilrangeselect.	170	17	hD	152	17	z	0	15
 	187	1	@	169	1	z	0	1
py	188	2		170	2	z	0	15
 	192	1	@	174	1	z	0	1
line	193	4		175	4	z	0	15
 	197	1	@	179	1	z	0	1
139	198	3	PRX	180	3	z	0	6
 	202	1	@	184	1	z	0	1
in	203	2		185	2	z	0	15
 	205	1	@	187	1	z	0	1
-	206	1	|	188	1	z	0	1
init	207	4		189	4	z	0	15
_	211	1	Q	193	1	z	0	1
-	212	1	|	194	1	z	0	1
	213	1		195	1	z	0	15
	214	1		196	1	z	0	6
c	215	1	I	197	1	z	0	14
	216	1	|	198	1	z	0	15
y	217	1		199	1	z	0	6
	218	1		200	1	z	0	6
G	219	2		201	1	z	0	6
IIPrograms	223	10	hho	204	10	z	0	15
 	233	1	@	214	1	z	0	1
IPython	234	7	ho	215	7	z	0	15
 	241	1	@	222	1	z	0	1
IPython	242	7	ho	223	7	z	0	15
38	249	2	RW	230	2	z	0	6
 	251	1	@	232	1	z	0	1
lpython	252	7		233	7	z	0	15
 	260	1	@	241	1	z	0	1
exe	261	3		242	3	z	0	15
1	264	1	P	245	1	z	0	6
 	265	1	@	246	1	z	0	1
Programs	266	8	o	247	8	z	0	15
 	274	1	@	255	1	z	0	1
I	275	1	h	256	1	z	0	15
 	276	1	@	257	1	z	0	1
Python	277	6	o	258	6	z	0	15
 	283	1	@	264	1	z	0	1
IPython	284	7	ho	265	7	z	0	15
38	291	2	RW	272	2	z	0	6
 	293	1	@	274	1	z	0	1
Ipython.	294	8	hD	275	8	z	0	15
 	302	1	@	283	1	z	0	1
exe	303	3		284	3	z	0	15
