	0	1	b	6	3	z	0	2
	1	1		0	1	z	0	6
	2	1		1	1	z	0	15
c	3	1		2	1	z	0	9
B	4	2	]	3	2	z	0	6
T	6	1	ɂ	14	4	z	0	2
sؚ؋c	8	7		10	2	z	0	6
"	15	1	h	12	1	z	0	1
0	17	1	O	19	1	z	0	6
	z	0	6
	19	2		26	1	z	0	6
wa	21	2		27	1	z	0	15
ri	23	2		28	1	z	0	15
	25	1	ʂĂ	29	3	z	0	2
	28	1		35	1	z	0	2
0	3
	36	1		44	1	z	0	6
΋\ٗS	37	4	ɂ	46	3	z	0	2
0	42	1	O	50	1	z	0	6
6
@	44	2	io	46	5	z	0	2
cc	46	2	cc	51	2	z	0	1
	48	2	t	43	2	z	0	6
z	0	6
|	46	2	A	52	4	z	0	2
m	48	2	o	56	5	z	0	2
	4	z	8	2
2	59	5	gQ	67	5	z	0	6
	z	0	15
/	86	1	^	84	1	z	0	1
Local	87	5	k	85	5	z	0	15
/	92	1	^	90	1	z	0	1
Programs	93	8	o	91	8	z	0	15
/	101	1	^	99	1	z	0	1
Python	102	6	o	100	6	z	0	15
/	108	1	^	106	1	z	0	1
Python	109	6	o	107	6	z	0	15
38	115	2	RW	113	2	z	0	6
/	117	1	^	115	1	z	0	1
python.exe	118	10	D	116	10	z	0	15
_	65	2		53	2	z	0	6
2	67	1	Q	55	1	z	0	6
	68	1		56	1	z	0	6
	69	2	O	57	2	z	0	6
	71	1	X	59	1	z	0	6
	72	1		60	1	z	0	15
	73	2		61	1	z	0	6
K	75	1		62	1	z	0	6
	76	1		63	1	z	0	14
	77	1		64	1	z	0	6
	78	1	{	65	1	z	0	6
ڑE	80	2	\	67	1	z	0	6
	82	1	C	68	1	z	0	6
	83	2	XV	69	2	z	0	6
m	86	1		72	1	z	0	15
Y	87	2	^	73	1	z	0	6
	89	1		74	1	z	0	14
	90	1		75	1	z	0	15
/	91	1	^	76	1	z	0	1
	92	1		77	1	z	0	9
n	93	1		78	1	z	0	6
	94	1		79	1	z	0	6
z	95	1		80	1	z	0	6
)	96	1	j	81	1	z	0	1
ɍC	97	2	lH	82	2	z	0	6
u	99	2		84	2	z	0	6
	94	2	XV	81	2	z	0	6
m	96	1		83	1	z	0	15
Y	97	2	^	84	1	z	0	6
	99	1		85	1	z	0	14
	100	1		86	1	z	0	15
/	101	1	^	87	1	z	0	1
	102	1		88	1	z	0	9
n	103	1		89	1	z	0	6
	104	1		90	1	z	0	6
z	105	1		91	1	z	0	6
]	106	1	n	92	1	z	0	1
ɍC	107	2	lH	93	2	z	0	6
u	109	2		95	2	z	0	6
	1	z	0	1
2	185	1	Q	183	1	z	0	6
sersl	186	5		184	5	z	0	15
737	191	3	VRV	189	3	z	0	6
apdata	194	6		192	6	z	0	15
0	200	1	O	198	1	z	0	6
c	201	1		199	1	z	0	1
1	202	1	P	200	1	z	0	6
prog	203	4		201	4	z	0	15
	201	2	z	0	15
1	207	1	P	203	1	z	0	6
prog	208	4		204	4	z	0	15
	15
 	251	1	@	251	1	z	0	1
available	252	9		252	9	z	0	15
