a_	0	3	m炸ł	0	8	z	0	3
L	4	1	N	8	1	z	0	6
ڜsGӒ	8	5		11	4	z	0	2
L	15	2	G	18	1	z	0	6
	19	1	`	20	3	z	8	2
TO	23	2	Ȃ炸	26	4	z	0	6
	26	1		31	2	z	0	3
	31	2	ɂ	35	3	z	0	8
	34	1		38	1	z	0	6
e	38	2	gɂ	48	5	z	8	2
G	40	2		43	2	z	0	6
	42	2	Zp	45	2	z	0	6
	45	1		53	1	z	0	6
	47	1		55	2	z	0	2
38	2	L	47	2	z	0	6
	40	2		49	2	z	0	6
	43	2	@B	52	2	z	0	6
\\	45	2	\\	54	2	z	0	1
	47	2	OE	56	2	z	0	6
	49	2		62	3	z	0	2
	51	2		60	1	z	0	6
	54	2		65	2	z	0	6
	56	2	ł	71	4	z	0	2
ޕx	58	2		68	3	z	0	8
w	61	2	n	76	2	z	0	6
Ϗ	63	2		79	2	z	0	8
	67	1	l	81	2	z	0	6
c	68	1		83	1	z	0	9
	69	2	E	84	2	z	0	6
c	72	3		93	3	z	0	7
	75	2		96	2	z	0	6
ښw	78	4	D	99	3	z	0	8
O	82	2	o	108	3	z	0	2
QK	88	3		102	3	z	0	6
~	91	2	O	106	1	z	0	6
	94	1	l	111	2	z	0	6
	95	2	Ȃ	113	3	z	0	9
	100	1		117	1	z	0	6
ɘ	104	2	^	122	2	z	0	6
	106	1		124	1	z	0	14
q	107	2	炢	125	3	z	0	14
c	109	1		128	1	z	0	9
	110	2		129	2	z	0	6
z	0	6
	76	1		63	1	z	0	14
	77	1		64	1	z	0	6
	78	1	{	65	1	z	0	6
ڑE	80	2	\	67	1	z	0	6
	82	1	C	68	1	z	0	6
	83	2	XV	69	2	z	0	6
m	86	1		72	1	z	0	15
Y	87	2	^	73	1	z	0	6
	89	1		74	1	z	0	14
	90	1		75	1	z	0	15
/	91	1	^	76	1	z	0	1
	92	1		77	1	z	0	9
n	93	1		78	1	z	0	6
	94	1		79	1	z	0	6
z	95	1		80	1	z	0	6
)	96	1	j	81	1	z	0	1
ɍC	97	2	lH	82	2	z	0	6
u	99	2		84	2	z	0	6
	94	2	XV	81	2	z	0	6
m	96	1		83	1	z	0	15
Y	97	2	^	84	1	z	0	6
	99	1		85	1	z	0	14
	100	1		86	1	z	0	15
/	101	1	^	87	1	z	0	1
	102	1		88	1	z	0	9
n	103	1		89	1	z	0	6
	104	1		90	1	z	0	6
z	105	1		91	1	z	0	6
]	106	1	n	92	1	z	0	1
ɍC	107	2	lH	93	2	z	0	6
u	109	2		95	2	z	0	6
	1	z	0	1
2	185	1	Q	183	1	z	0	6
sersl	186	5		184	5	z	0	15
737	191	3	VRV	189	3	z	0	6
apdata	194	6		192	6	z	0	15
0	200	1	O	198	1	z	0	6
c	201	1		199	1	z	0	1
1	202	1	P	200	1	z	0	6
prog	203	4		201	4	z	0	15
	201	2	z	0	15
1	207	1	P	203	1	z	0	6
prog	208	4		204	4	z	0	15
	15
 	251	1	@	251	1	z	0	1
available	252	9		252	9	z	0	15
