B	2	2	]	2	2	z	0	6
"	4	1	h	4	1	z	0	1
Ќ	6	2	K	7	2	z	0	6
̕	10	2	`	11	1	z	0	6
Zo	12	2	Ȃ	13	2	z	0	3
E	14	1	E	15	1	z	0	1
fB	15	2	ƂĂ	16	3	z	0	8
	17	1		19	1	z	0	15
	18	2	R	20	1	z	0	8
ta	24	2		21	1	z	0	15
z	27	2	ϔO	23	2	z	0	6
	29	2		33	2	z	0	6
2		34	1	z	0	15
L	40	2		35	2	z	0	8
	43	1		37	1	z	0	2
	0	1
	V	39	1	z	0	6
 	41	1	@	40	1	z	0	1
soeri.	42	6	D	41	6	z	0	15
	20	1	z	0	1
2	28	1	Q	21	1	z	0	6
	29	1		22	1	z	0	14
 	30	1	@	27	1	z	0	1
y	30	1		28	1	z	0	1
	32	1		30	1	z	0	6
T	33	1	s	31	1	z	0	15
ba	34	2	o	32	1	z	0	15
DIDac	36	5	chc	33	5	z	0	15
2	41	1	Q	38	1	z	0	6
o	42	1		39	1	z	0	1
22	43	2	QQ	40	2	z	0	6
TOI	45	3	snh	42	3	z	0	15
2	48	1	Q	45	1	z	0	6
Size.pyJTOpID	49	13	rDisnhc	46	13	z	0	15
f	62	1	f	59	1	z	0	1
2	63	1	Q	60	1	z	0	6
o	64	1		61	1	z	0	1
22	65	2	QQ	62	2	z	0	6
iN	67	2	m	64	2	z	0	15
+	69	1	{	66	1	z	0	1
25.2	70	4	QTDQ	67	4	z	0	6
-	74	1	|	71	1	z	0	1
E	75	1	d	72	1	z	0	15
	77	2		74	1	z	0	6
W	79	1	v	75	1	z	0	15
I	81	1	h	77	1	z	0	15
 	82	1	@	78	1	z	0	1
VIIFkBADIDOEoE	83	14	uhhea`chcndd	79	14	z	0	15
-	97	1	|	93	1	z	0	1
ITOI	98	4	hsnh	94	4	z	0	15
 	102	1	@	98	1	z	0	1
-	103	1	|	99	1	z	0	1
On.bat	104	6	nD	100	6	z	0	15
2022	110	4	QOQQ	106	4	z	0	6
/	114	1	^	110	1	z	0	1
10	115	2	PO	111	2	z	0	6
/	117	1	^	113	1	z	0	1
2812000	118	7	QWPQOOO	114	7	z	0	6
Windows	125	7	v	121	7	z	0	15
 	132	1	@	128	1	z	0	1
	133	1		129	1	z	0	15
h	134	2		130	1	z	0	6
2	z	0	6
	94	2	XV	81	2	z	0	6
m	96	1		83	1	z	0	15
Y	97	2	^	84	1	z	0	6
	99	1		85	1	z	0	14
	100	1		86	1	z	0	15
/	101	1	^	87	1	z	0	1
	102	1		88	1	z	0	9
n	103	1		89	1	z	0	6
	104	1		90	1	z	0	6
z	105	1		91	1	z	0	6
]	106	1	n	92	1	z	0	1
ɍC	107	2	lH	93	2	z	0	6
u	109	2		95	2	z	0	6
	1	z	0	1
2	185	1	Q	183	1	z	0	6
sersl	186	5		184	5	z	0	15
737	191	3	VRV	189	3	z	0	6
apdata	194	6		192	6	z	0	15
0	200	1	O	198	1	z	0	6
c	201	1		199	1	z	0	1
1	202	1	P	200	1	z	0	6
prog	203	4		201	4	z	0	15
	201	2	z	0	15
1	207	1	P	203	1	z	0	6
prog	208	4		204	4	z	0	15
	15
 	251	1	@	251	1	z	0	1
available	252	9		252	9	z	0	15
